ObjCircle,0,0,1,1,0,1,1,4,300,500,400,400
ObjSegment,1,0,0,1,0,0,1,1,482,157,530,198
ObjSegment,0,0,1,1,0,0,1,10,517,211,362,204
ObjRectangle,1,1,0,0,1,0,0,10,909,173,670,309
ObjSegment,0,1,0,1,0,0,1,6,521,233,473,270
ObjCircle,0,1,1,1,0,1,0,6,926,485,1043,391
ObjCircle,0,1,0,0,0,1,1,6,1137,415,1011,394
ObjRectangle,1,1,0,0,1,0,0,1,1072,217,803,123
ObjCircle,1,0,0,0,1,0,1,3,837,368,912,330
ObjCircle,1,1,0,1,0,1,1,10,710,668,757,540
ObjSegPolygone,1,1,0,1,0,1,1,10,16,152,522,42,549,130,586,160,660,227,644,297,701,327,672,419,703,394,626,464,613,462,583,489,550,439,537,469,338,407,320,436,450
ObjRectangle,1,1,0,0,1,0,1,3,1027,264,875,195
ObjSegPolygone,1,1,0,1,0,1,1,10,4,152,522,97,348,158,324,152,505
